JLL, 2022.3.15 - 2022.4.12

output of
(YPN) jinn@Liu:~/YPN/Leon$ python simulatorB5.py
2022-03-01 18:35:15.260133: I tensorflow/compiler/xla/service/service.cc:176]   StreamExecutor device (0): Host, Default Version

net_outputs.path = &s->output[PATH_IDX=0]  # in driving079.cc
#---  outputs[ 0 ] =
[[ 5.42041883e-02  5.35051078e-02  5.13269752e-02  5.78205921e-02
   5.12723923e-02  5.26056997e-02  5.03337383e-02  5.08201905e-02
   5.57064228e-02  5.89454994e-02  5.52779660e-02  5.42736575e-02
   5.59520647e-02  5.48545122e-02  5.48550934e-02  5.42373881e-02
   5.10823876e-02  5.65179512e-02  5.29310629e-02  5.44576198e-02
   5.46011627e-02  5.53480089e-02  5.23043275e-02  5.76812923e-02
   5.80641404e-02  5.84217161e-02  6.03179261e-02  5.90675399e-02
   6.69334233e-02  6.85736835e-02  6.22801110e-02  6.58075958e-02
   6.99164718e-02  6.75021634e-02  7.49311298e-02  7.66525865e-02
   8.19522589e-02  8.40553194e-02  8.41372609e-02  8.16469267e-02
   8.23728740e-02  8.79259631e-02  8.96854550e-02  1.00042745e-01
   8.95800143e-02  9.03176963e-02  9.36742201e-02  9.29680988e-02
   9.31550786e-02  9.46199596e-02  9.37023312e-02  9.56371427e-02
   1.01464711e-01  9.96164232e-02  1.03767119e-01  1.00440949e-01
   9.58960801e-02  1.04004815e-01  1.14992842e-01  1.16236210e-01
   1.15718760e-01  1.03858545e-01  1.15880042e-01  1.16182610e-01
   1.23756096e-01  1.19049825e-01  1.28888488e-01  1.37255728e-01
   1.34780943e-01  1.31710470e-01  1.49401426e-01  1.54696003e-01
   1.60121262e-01  1.56780362e-01  1.61285177e-01  1.60989821e-01
   1.51329443e-01  1.76975563e-01  1.76831573e-01  1.79961994e-01
   2.02916637e-01  2.02478677e-01  1.92820132e-01  2.12989509e-01
   2.07091555e-01  2.00423762e-01  2.08684042e-01  2.01252744e-01
   2.07059443e-01  2.11154103e-01  1.87944621e-01  2.02424064e-01
   2.24989101e-01  2.17087060e-01  2.47679472e-01  2.47594655e-01
   2.53184021e-01  2.67846346e-01  2.79731899e-01  2.64544755e-01
   2.70919859e-01  2.76914239e-01  2.58127928e-01  2.29936838e-01
   2.42608786e-01  2.61406243e-01  2.75316983e-01  2.75052786e-01
   2.62925833e-01  2.39899933e-01  2.66168803e-01  2.49235123e-01
   2.30411947e-01  2.47136861e-01  2.83196926e-01  2.54894793e-01
   3.11751187e-01  2.69332945e-01  2.62986004e-01  3.00762951e-01
   2.99554467e-01  2.75273561e-01  2.49657288e-01  3.06707442e-01
   2.97222733e-01  2.86227107e-01  3.07164431e-01  2.69301534e-01
   2.79920459e-01  2.09331259e-01  2.15026602e-01  2.22234845e-01
   2.25120649e-01  2.57471383e-01  2.26910278e-01  2.41499171e-01
   2.56086677e-01  2.15730861e-01  1.92374811e-01  2.27400765e-01
   2.10122213e-01  1.73202947e-01  2.16717273e-01  2.14959458e-01
   2.00916737e-01  1.96179986e-01  1.41394138e-01  1.15640447e-01
   1.26831427e-01  8.84898156e-02  5.91827184e-02  6.83019757e-02
   2.94764787e-02  2.22194269e-02  6.10563606e-02  4.05585617e-02
   1.40205771e-02 -4.68550920e-02 -6.24995381e-02 -8.88507068e-02
  -1.39434159e-01 -1.17853582e-01 -1.51513219e-01 -1.77010447e-01
  -1.68517262e-01 -2.81123519e-01 -2.73043901e-01 -2.96732932e-01
  -3.63764495e-01 -3.97956640e-01 -4.19643342e-01 -4.89719272e-01
  -4.49666679e-01 -5.61751366e-01 -4.98949379e-01 -5.36354542e-01
  -5.35311937e-01 -5.41170239e-01 -5.41674674e-01 -6.06129587e-01
  -5.62625706e-01 -5.80020785e-01 -5.98699749e-01 -5.79059958e-01
  -5.19609213e-01 -6.15201235e-01 -5.19610047e-01 -5.09746075e-01
  -5.26568890e-01 -5.89948237e-01 -4.35043991e-01 -3.51922244e-01
--- 192
  -2.82625055e+00 -2.83348393e+00 -2.82841134e+00 -2.81067920e+00
  -2.79915547e+00 -2.77803922e+00 -2.75763702e+00 -2.73348284e+00
  -2.71420288e+00 -2.69417810e+00 -2.67868948e+00 -2.65379572e+00
  -2.63765764e+00 -2.61214089e+00 -2.59204960e+00 -2.57137108e+00
  -2.54380274e+00 -2.51993537e+00 -2.50056243e+00 -2.48075271e+00
  -2.46880770e+00 -2.45026016e+00 -2.43416500e+00 -2.41496754e+00
  -2.39543343e+00 -2.37092495e+00 -2.34154797e+00 -2.30389500e+00
  -2.27706027e+00 -2.24072981e+00 -2.19837499e+00 -2.16571093e+00
  -2.12746382e+00 -2.08844376e+00 -2.06847739e+00 -2.03614020e+00
  -2.00641060e+00 -1.98200083e+00 -1.95530999e+00 -1.92902231e+00
  -1.90891373e+00 -1.87724841e+00 -1.85995114e+00 -1.83263099e+00
  -1.80846834e+00 -1.79089499e+00 -1.77029538e+00 -1.74790823e+00
  -1.73181772e+00 -1.71811438e+00 -1.70313644e+00 -1.68512344e+00
  -1.66644716e+00 -1.65786541e+00 -1.63723862e+00 -1.62266731e+00
  -1.61855078e+00 -1.61244273e+00 -1.59971249e+00 -1.59815228e+00
  -1.59676909e+00 -1.59268749e+00 -1.58897591e+00 -1.58962023e+00
  -1.55469024e+00 -1.54145050e+00 -1.53545177e+00 -1.56087613e+00
  -1.57848084e+00 -1.54660511e+00 -1.53576243e+00 -1.51616502e+00
  -1.52166426e+00 -1.51290190e+00 -1.51481891e+00 -1.49353909e+00
  -1.49365020e+00 -1.50497031e+00 -1.50490105e+00 -1.48206758e+00
  -1.49073505e+00 -1.46645093e+00 -1.48470616e+00 -1.48755717e+00
  -1.47695613e+00 -1.48883605e+00 -1.46033645e+00 -1.43745935e+00
  -1.43320298e+00 -1.40774369e+00 -1.37781632e+00 -1.37815499e+00
  -1.36676836e+00 -1.32963061e+00 -1.30588722e+00 -1.29435277e+00
  -1.26904416e+00 -1.24255180e+00 -1.25562429e+00 -1.22433543e+00
  -1.20805442e+00 -1.19826341e+00 -1.15468669e+00 -1.13369286e+00
  -1.11701143e+00 -1.10696626e+00 -1.08535647e+00 -1.08088207e+00
  -1.06267643e+00 -1.03628814e+00 -1.01636183e+00 -9.99111652e-01
  -9.93373513e-01 -9.46978092e-01 -9.29628491e-01 -9.19920623e-01
  -8.85401845e-01 -9.16213989e-01 -8.64853501e-01 -8.62055898e-01
  -8.26234698e-01 -7.89273143e-01 -7.76489735e-01 -7.64966249e-01
  -7.43580937e-01 -7.26793408e-01 -6.96710348e-01 -6.80139422e-01
  -6.64885163e-01 -6.59577727e-01 -6.11676991e-01 -6.16294622e-01
  -6.05973482e-01 -5.77260256e-01 -5.84610343e-01 -5.58202446e-01
  -5.31720519e-01 -5.30394852e-01 -4.94562328e-01 -5.23237467e-01
  -4.98898029e-01 -4.51587319e-01 -4.53758419e-01 -4.00583148e-01
  -4.15571749e-01 -3.49324882e-01 -3.39337409e-01 -3.23333681e-01
  -3.28368574e-01 -3.42773706e-01 -2.88363844e-01 -3.18995625e-01
  -2.78007179e-01 -3.28463972e-01 -2.60469019e-01 -2.38687798e-01
  -2.52424419e-01 -2.27119073e-01 -2.22376764e-01 -2.51705825e-01
  -1.67525604e-01 -2.05105722e-01 -1.54703140e-01 -1.34788767e-01
  -1.23498425e-01 -1.08964346e-01 -1.30847260e-01 -1.36383101e-01
  -1.07541040e-01 -7.64073953e-02 -7.05183595e-02 -4.50850092e-02
  -2.36177593e-02 -1.33631863e-02 -2.61379629e-02 -2.75686607e-02
   2.59352494e-02 -1.10034123e-02  1.75289698e-02  3.50243002e-02
   5.34669869e-02  5.49925044e-02  8.48676413e-02  1.71833009e-01
   1.11418024e-01  1.85961485e-01  1.82505533e-01  1.57374889e-01
   1.89971134e-01  2.03275383e-01  2.61814713e-01  2.17952490e-01
--- 192
   3.75976448e+01]]

net_outputs.left_lane = &s->output[LL_IDX = 0+385];
#---  outputs[ 1 ] =
[[-1.11648254e-01 -9.90948230e-02 -1.19935803e-01 -1.32903591e-01
  -1.04908109e-01 -1.39199913e-01 -1.46714941e-01 -9.72045287e-02
  -1.03132173e-01 -1.50883272e-01 -1.26165017e-01 -1.21523678e-01
  -1.19481198e-01 -1.23237327e-01 -8.98794532e-02 -1.31574199e-01
  -8.39866996e-02 -1.09722197e-01 -8.15322325e-02 -8.42101797e-02
  -7.50774220e-02 -9.26284119e-02 -7.01417848e-02 -3.31761688e-02
  -2.49488316e-02 -1.07841857e-01 -9.28639323e-02 -1.78148970e-04
  -5.47029898e-02 -5.37031293e-02 -3.63036953e-02  1.09652262e-02
  -8.17745775e-02 -3.22377831e-02 -3.01505681e-02 -5.77487275e-02
   1.33973826e-03 -2.88491305e-02  3.34459357e-04 -2.32657436e-02
  -1.03220167e-02  3.41734737e-02  3.42695341e-02  7.58747905e-02
   1.03193372e-02  1.21003173e-01  7.08985850e-02  6.50716424e-02
   1.20139066e-02  1.42395899e-01  1.29107147e-01  9.88299772e-02
   9.84608382e-02  1.07940845e-01  9.91829783e-02  1.57561883e-01
   1.38488352e-01  5.70561662e-02  2.31077775e-01  2.06903577e-01
   1.47284329e-01  1.92054123e-01  2.33030975e-01  2.03335166e-01
   2.64065295e-01  2.53128946e-01  3.07242781e-01  2.86488563e-01
   3.67416322e-01  3.65357012e-01  2.95641959e-01  3.26903462e-01
   4.48453605e-01  4.59899962e-01  3.42542559e-01  6.01875365e-01
   3.67660463e-01  4.18994009e-01  4.08266872e-01  4.89721149e-01
   5.68749607e-01  4.56174821e-01  4.89273101e-01  4.74270999e-01
   5.69567621e-01  5.95878780e-01  4.85495239e-01  5.76434791e-01
   5.13055027e-01  5.80117226e-01  5.68545580e-01  6.03591681e-01
   6.61070228e-01  6.27170861e-01  6.51563346e-01  6.13093376e-01
   6.16602361e-01  6.65014803e-01  7.20118225e-01  6.83253527e-01
   6.11086965e-01  7.43441582e-01  7.14738250e-01  8.68117750e-01
   7.20735550e-01  8.34890664e-01  7.93184936e-01  7.67708957e-01
   7.78790593e-01  8.41283083e-01  8.55805874e-01  8.88400614e-01
   8.53805006e-01  8.72377038e-01  8.54892790e-01  7.46507227e-01
   8.03676724e-01  6.66911662e-01  7.09736168e-01  7.09848166e-01
   6.27886057e-01  7.45022297e-01  6.62901700e-01  7.49943733e-01
   7.03731120e-01  6.88661397e-01  6.03130221e-01  6.41166508e-01
   7.37994492e-01  7.39025474e-01  6.78877413e-01  6.36868834e-01
   6.51027322e-01  8.60559821e-01  5.90427101e-01  6.42385364e-01
   5.86956739e-01  6.32288456e-01  4.63951230e-01  6.20100737e-01
   4.66027796e-01  6.04653776e-01  4.30881858e-01  3.60497862e-01
   3.76330972e-01  4.78418618e-01  4.84370559e-01  4.96672273e-01
   2.52080083e-01  3.06707084e-01  2.53819942e-01  4.34560150e-01
   3.43799651e-01  1.18706182e-01  2.56559432e-01  2.62986302e-01
   4.34862942e-01  4.29119587e-01  3.27070504e-01  1.41848236e-01
   4.55367863e-02  4.65478748e-03  2.07049191e-01  1.45308480e-01
   9.86310840e-02  1.44939482e-01 -3.19844663e-01  2.95157731e-03
  -9.37561393e-02 -7.45862946e-02 -3.53648886e-02 -2.12762326e-01
  -3.85708392e-01 -4.62010235e-01 -3.80062073e-01 -3.02102149e-01
  -4.38341916e-01 -3.87973756e-01 -4.52526867e-01 -4.22035873e-01
  -3.56066793e-01 -6.89025462e-01 -6.99738741e-01 -7.40082264e-01
  -7.41389394e-01 -8.12548041e-01 -9.43724811e-01 -8.05042565e-01
  -1.04254293e+00 -9.86445487e-01 -1.31476378e+00 -1.31907308e+00
--- 192
  -2.06650877e+00 -2.12113667e+00 -2.26719904e+00 -2.30512142e+00
  -2.38284349e+00 -2.39471507e+00 -2.52003717e+00 -2.52541018e+00
  -2.45638371e+00 -2.45560169e+00 -2.46870041e+00 -2.32912874e+00
  -2.33831716e+00 -2.23845172e+00 -2.19475031e+00 -2.16923237e+00
  -2.08799458e+00 -1.98565650e+00 -2.01621270e+00 -1.95076823e+00
  -1.87999749e+00 -1.86933494e+00 -1.82494807e+00 -1.78191066e+00
  -1.78598773e+00 -1.78188205e+00 -1.81144238e+00 -1.64634526e+00
  -1.68787122e+00 -1.64914298e+00 -1.65584445e+00 -1.62400413e+00
  -1.64966726e+00 -1.55479407e+00 -1.53327727e+00 -1.50584888e+00
  -1.53958201e+00 -1.46098924e+00 -1.46908855e+00 -1.38786697e+00
  -1.38169050e+00 -1.23464489e+00 -1.31428802e+00 -1.20914078e+00
  -1.15254581e+00 -1.15993559e+00 -1.16968584e+00 -1.11583376e+00
  -1.08760595e+00 -1.03276968e+00 -1.04439497e+00 -1.11736655e+00
  -1.02640712e+00 -1.01769853e+00 -1.05223036e+00 -9.35966551e-01
  -8.30935955e-01 -8.32286954e-01 -8.27475488e-01 -7.53907681e-01
  -7.57177711e-01 -7.42467284e-01 -6.73547268e-01 -5.92473745e-01
  -6.49344206e-01 -6.38815939e-01 -6.34686351e-01 -5.94224930e-01
  -5.88084817e-01 -5.58655143e-01 -6.43636703e-01 -6.31060779e-01
  -6.82374358e-01 -6.45209670e-01 -6.23669386e-01 -6.60979569e-01
  -6.58785999e-01 -7.21604466e-01 -6.94137216e-01 -7.44047225e-01
  -6.86363101e-01 -6.77344501e-01 -7.16427505e-01 -6.86630666e-01
  -7.47136354e-01 -7.29618251e-01 -7.13572562e-01 -6.31554008e-01
  -6.15637064e-01 -6.90322638e-01 -7.47199357e-01 -8.88968408e-01
  -7.89737225e-01 -8.22096825e-01 -7.33703315e-01 -8.06033731e-01
  -8.83799434e-01 -8.68871331e-01 -9.37591493e-01 -9.66342866e-01
  -8.97213101e-01 -8.53396654e-01 -8.91553760e-01 -9.09317255e-01
  -8.75593781e-01 -8.73529494e-01 -8.32632542e-01 -8.71699035e-01
  -9.21876371e-01 -8.05969894e-01 -7.22788393e-01 -7.68330216e-01
  -8.27728152e-01 -8.27377498e-01 -7.52443135e-01 -7.19563603e-01
  -7.30885804e-01 -6.14048839e-01 -5.71001410e-01 -6.38079047e-01
  -5.79408765e-01 -5.59643030e-01 -5.30814409e-01 -5.97407103e-01
  -4.38248456e-01 -4.52950299e-01 -4.29306269e-01 -5.03810048e-01
  -3.49899948e-01 -3.98594856e-01 -3.93522918e-01 -4.85354364e-01
  -4.75100398e-01 -3.22992563e-01 -5.21388948e-01 -3.87259543e-01
  -5.53741455e-01 -3.78303051e-01 -3.05213958e-01 -3.37806314e-01
  -2.41988033e-01 -2.10416883e-01 -3.17673564e-01 -3.42218161e-01
  -2.93191880e-01 -3.12265158e-01 -1.87344670e-01 -3.62787724e-01
  -2.15357065e-01 -3.13390374e-01 -1.25306323e-01 -2.41459578e-01
  -1.32780328e-01 -1.37087524e-01 -8.52070451e-02 -1.14015721e-01
  -2.14121521e-01 -5.11350483e-03 -1.92243457e-01 -1.73503831e-01
  -6.49419576e-02  1.70013234e-02  1.48164809e-01 -1.70265734e-01
  -1.07411578e-01 -1.93449527e-01 -1.88599259e-01 -1.63475394e-01
  -9.66563374e-02 -2.14889362e-01 -2.18586668e-01 -1.31290302e-01
  -1.96552694e-01 -1.92959920e-01 -7.55293444e-02 -1.72930658e-01
  -2.28693277e-01 -3.01325977e-01 -1.94766283e-01 -3.63086581e-01
  -3.48145694e-01 -3.14557314e-01 -2.17644528e-01 -1.94162324e-01
  -3.41782957e-01 -2.08780527e-01 -4.50267106e-01 -4.27197516e-01
  -3.88498485e-01 -5.67305744e-01 -3.90075624e-01 -4.15903777e-01
--- 192
   3.24765625e+01  3.10042953e+00]]

net_outputs.right_lane = &s->output[RL_IDX = 0+385+386 = 771];
#---  outputs[ 2 ] =
[[-9.91349518e-02 -3.38753015e-02 -2.54594386e-02 -2.04385780e-02
  -5.59160747e-02 -9.00490507e-02 -5.47856502e-02 -1.03461944e-01
  -7.46231973e-02 -1.07988663e-01 -9.14850533e-02 -7.29257613e-02
  -8.64725560e-02 -1.15027472e-01 -7.37753361e-02 -1.09229848e-01
  -8.99525732e-02 -1.13506466e-01 -1.24084465e-01 -1.05510511e-01
  -1.40436575e-01 -1.14056930e-01 -1.27718776e-01 -1.32971346e-01
  -1.43275023e-01 -1.62000060e-01 -1.56266004e-01 -1.24900214e-01
  -7.43403509e-02 -1.18495286e-01 -8.32908079e-02 -1.03834540e-01
  -1.35946393e-01 -1.56369179e-01 -8.38302895e-02 -1.34688050e-01
  -6.61271811e-02 -1.06544837e-01 -9.01570097e-02 -1.28172442e-01
  -3.21609229e-02 -6.13050275e-02  3.44691426e-03 -2.30975430e-02
  -7.68126249e-02 -5.01317605e-02 -1.20078400e-02  3.04596126e-03
  -3.41648608e-03 -5.25461324e-02  2.57615037e-02  1.97135657e-02
  -3.78504917e-02 -1.86838172e-02 -4.95306551e-02 -1.98945105e-02
   1.51817650e-02  8.73672962e-03  6.10358901e-02  1.07389167e-02
   8.10065493e-02 -5.22057749e-02  1.66682899e-03  7.74478912e-02
   9.80612189e-02  1.62671596e-01  7.97111765e-02  8.47029462e-02
   9.37745422e-02  7.18923509e-02  1.44010991e-01  3.43991742e-02
   1.06659263e-01  1.05469488e-01  6.24334142e-02  1.16956197e-02
   3.47679518e-02  1.04459450e-01  5.45127988e-02  5.38524985e-02
   9.40797329e-02  2.64062602e-02  1.24848969e-01  1.46078795e-01
   8.53101462e-02  1.22887298e-01  8.43804181e-02  1.55644581e-01
   6.51390702e-02  2.84881830e-01  2.00132310e-01 -1.94367021e-03
   9.90743712e-02  5.26807681e-02  6.18317351e-02  6.27036318e-02
   5.99396229e-03 -6.04923815e-04 -1.95849016e-02  7.78025091e-02
   6.76871985e-02  2.00673431e-01  1.45489484e-01  5.12618124e-02
   9.82433185e-02  2.38655582e-02 -2.81839445e-02  1.79612368e-01
   4.45656329e-02 -4.82581705e-02  8.73645768e-03  2.04274282e-02
   6.00203499e-03  9.35830101e-02  1.76799633e-02 -1.20685667e-01
  -1.04721248e-01 -4.03382070e-02 -1.37628734e-01 -1.69668585e-01
  -3.79535295e-02 -1.20695688e-01 -1.43239170e-01 -1.89064175e-01
   2.18867511e-03 -2.95267045e-01 -9.71435606e-02 -1.78906709e-01
  -2.58867174e-01 -1.62047550e-01 -2.57230163e-01 -2.15015680e-01
  -1.03021979e-01 -2.51228511e-01 -2.66363859e-01 -3.83349657e-01
  -4.44896877e-01 -3.58121425e-01 -3.50622565e-01 -3.47215325e-01
  -5.72385311e-01 -4.29929167e-01 -4.29602295e-01 -5.68249106e-01
  -5.78412592e-01 -5.09240270e-01 -6.51723385e-01 -4.72276986e-01
  -6.01665437e-01 -6.61261380e-01 -6.04760289e-01 -5.62901080e-01
  -5.94396114e-01 -7.05408514e-01 -7.87628412e-01 -8.71604800e-01
  -7.08989501e-01 -8.99552822e-01 -6.88800514e-01 -7.03722060e-01
  -7.76576340e-01 -7.83882022e-01 -7.60589302e-01 -6.92284644e-01
  -8.20394278e-01 -1.02174211e+00 -7.53647268e-01 -8.38116825e-01
  -7.34380543e-01 -7.65527666e-01 -7.57667959e-01 -7.84173727e-01
  -7.44991660e-01 -7.81046391e-01 -7.22802639e-01 -7.49919355e-01
  -8.42154503e-01 -9.28516328e-01 -9.13910627e-01 -8.22261453e-01
  -8.23516846e-01 -8.64610553e-01 -8.66296113e-01 -8.90794098e-01
  -8.07270825e-01 -5.70621073e-01 -9.72879827e-01 -7.04738855e-01
  -5.58830500e-01 -7.50466168e-01 -8.16592872e-01 -7.24483073e-01
--- 192
  -2.36996746e+00 -2.34336233e+00 -2.36003685e+00 -2.41854382e+00
  -2.41731834e+00 -2.46518826e+00 -2.41380692e+00 -2.43185163e+00
  -2.38691044e+00 -2.34750986e+00 -2.29617333e+00 -2.33141518e+00
  -2.26281714e+00 -2.21432304e+00 -2.22770500e+00 -2.22125244e+00
  -2.17657089e+00 -2.16268134e+00 -2.13501358e+00 -2.07668447e+00
  -2.05352950e+00 -2.08491182e+00 -2.06281948e+00 -1.98492646e+00
  -1.97684288e+00 -1.85114789e+00 -1.88174641e+00 -1.78013885e+00
  -1.74912214e+00 -1.74924088e+00 -1.71887398e+00 -1.69256520e+00
  -1.63002884e+00 -1.57764268e+00 -1.52179670e+00 -1.48150110e+00
  -1.39744854e+00 -1.38691998e+00 -1.34210718e+00 -1.39966822e+00
  -1.32223177e+00 -1.23814225e+00 -1.29306924e+00 -1.22439373e+00
  -1.26831269e+00 -1.18512523e+00 -1.17265141e+00 -1.09647167e+00
  -1.13439059e+00 -1.02343297e+00 -1.02238369e+00 -1.03745234e+00
  -1.03075039e+00 -9.47387338e-01 -9.95356321e-01 -1.00089300e+00
  -9.99245882e-01 -9.83753800e-01 -9.75886464e-01 -1.00649500e+00
  -9.97046828e-01 -1.03523386e+00 -1.00047922e+00 -9.53413606e-01
  -1.07565594e+00 -9.53852057e-01 -1.04034209e+00 -1.02286065e+00
  -8.96218359e-01 -9.37216520e-01 -8.63299787e-01 -8.45752954e-01
  -9.35149789e-01 -6.76624835e-01 -6.77341521e-01 -6.61166787e-01
  -6.84468031e-01 -6.10788584e-01 -6.29687130e-01 -5.51287174e-01
  -6.22613430e-01 -6.44312620e-01 -5.47507644e-01 -7.24318266e-01
  -6.03315711e-01 -5.70738375e-01 -5.59068024e-01 -6.67147517e-01
  -6.06485128e-01 -5.57302535e-01 -4.34038281e-01 -6.13073111e-01
  -6.86399698e-01 -5.76567352e-01 -4.44511771e-01 -5.55454195e-01
  -6.13603413e-01 -3.80929142e-01 -4.57941949e-01 -3.27794880e-01
  -4.03542399e-01 -3.52434337e-01 -3.29843223e-01 -2.26418927e-01
  -2.98831344e-01 -3.42511237e-01 -7.37143308e-02 -1.33126840e-01
  -6.71956241e-02 -6.16066270e-02  6.03534356e-02 -1.90420419e-01
  -1.17719367e-01 -1.27115145e-01  1.07424058e-01 -9.39822942e-03
  -1.91982836e-03 -1.17555633e-03 -1.06311902e-01 -1.38129175e-01
   1.06464431e-01  1.53746188e-01  6.44922853e-02  2.81486809e-02
   8.37016851e-02 -6.87028542e-02  2.12809592e-01  1.92492992e-01
   1.33687973e-01  7.81169087e-02  1.40195847e-01 -2.32449248e-02
  -1.38404548e-01  1.71799883e-01  3.85740697e-02  2.31910527e-01
   3.91443014e-01  2.08468303e-01 -5.71673810e-02  5.89026868e-01
   3.93314928e-01  5.73277235e-01  3.66969734e-01  4.89805192e-01
   5.54646254e-01  7.25672483e-01  6.22612357e-01  6.10846877e-01
   8.41900587e-01  6.58288121e-01  8.63559902e-01  1.02750182e+00
   9.40357804e-01  8.06324482e-01  1.03749776e+00  1.03383756e+00
   1.21040154e+00  1.02057767e+00  1.31845212e+00  1.14205480e+00
   1.15825510e+00  1.33716130e+00  1.72298586e+00  1.25960791e+00
   1.48478734e+00  1.48238003e+00  1.71507633e+00  1.72261083e+00
   1.49241793e+00  1.57247233e+00  1.78705871e+00  1.69028044e+00
   1.37489116e+00  1.77616751e+00  1.92361248e+00  1.83061743e+00
   1.85636413e+00  2.11156869e+00  1.87913752e+00  2.15983415e+00
   2.27204299e+00  2.18995214e+00  2.49363256e+00  2.24383497e+00
   2.55614829e+00  2.60475874e+00  2.24319696e+00  2.72222400e+00
   2.52382064e+00  2.85955024e+00  2.84440851e+00  2.89051390e+00
--- 192
   7.89803314e+00  1.40477598e-01]]

net_outputs.lead = &s->output[LEAD_IDX = 0+385+386+386 = 771+386 = 1157];
#---  outputs[ 3 ] =
[[ 6.1603820e-01  2.6838286e-02 -1.3921404e-01  8.0240023e-01
  -5.4741919e-01 -1.5327469e+00  1.9742227e+00  6.6652375e-01
  -5.6488037e-01 -3.9821851e-01 -6.0534477e-01
   2.3468504e+00  5.5067539e-02 -6.4972311e-01  5.8375412e-01
   1.2783246e+00 -1.7587734e+00  4.6578917e-01 -2.6963502e-01
  -1.6301762e+00 -1.4859366e+00 -1.6944540e+00
   1.8847764e+00  4.4055735e-03 -8.6602658e-01  4.8497105e-01
  -1.2021923e+00 -2.2555771e+00  2.7385014e-01 -6.0671353e-01
  -1.1535138e-02  1.2976220e-01 -7.2989978e-02
   7.6618987e-01 -2.4470603e-02 -7.5933033e-01  8.2608652e-01
  -7.4009418e-01 -1.8507651e+00  1.6552249e+00 -5.2497998e-02
  -7.0225680e-01 -5.5813265e-01 -7.6332343e-01
   1.4588141e+00 -4.1331630e-05 -7.7464855e-01  5.3652996e-01
  -1.5205777e+00 -3.0309608e+00  2.0454553e-01 -4.6332595e-01
   1.0498115e-01*  2.3222381e-01*  2.3052886e-02
   3.3367474e+00  4.0349240e+00  3.4000864e+00]]

net_outputs.long_x = &s->output[LONG_X_IDX = 0+385+386+386+58 = 1157+58 = 1215];
#---  outputs[ 4 ] =
[[ 0.6725123   1.0811375   1.223897    1.555148    1.4713008   1.8638602
   2.0287888   2.1826906   2.7138245   2.6905277   2.821526    3.1818855
   3.2518024   3.219844    3.4623933   3.8551602   3.7775698   3.6718662
   4.0373507   4.012538    4.4667187   3.952339    4.2269654   4.1060734
   4.5544868   4.359673    4.6516123   4.524221    4.44582     4.419907
   4.5233636   5.0501423   5.009943    4.8361716   5.0703034   4.4937186
   4.8640623   4.717791    4.5179214   4.8865457   5.002889    4.520086
   4.9150543   4.879738    4.7727933   4.2722363   5.0715017   4.7225957
   4.787325    4.3952565   4.71577     4.748314    4.8286147   4.8862176
   5.07336     4.426711    4.425467    4.6347733   4.5831003   4.6120877
   5.610303    4.646786    5.143254    4.0564957   3.9295993   4.5958776
   4.5722685   3.8091383   3.881802    3.9347737   3.5384374   3.6881347
   3.6545167   3.7773728   3.5075915   3.4358916   3.2065244   3.0725908
   3.4500923   2.9214523   3.0755477   2.646277    3.5543866   2.8799734
   3.0360959   2.78501     2.2187715   2.6741226   2.9963627   3.1254911
   2.234571    1.5324322   3.8950639   2.007834    1.8637588   2.554494
   1.1039853   2.2444243   2.1130729   2.3533971  -1.091018   -0.695168
  -0.54115784 -0.6845564  -0.6736675  -0.61695856 -0.4741667  -0.23403662
  -0.47620583 -0.6886357  -0.20595151 -0.18813139 -0.10741362 -0.45964453
   0.13485402  0.15824759  0.18728256  0.1110881  -0.01979139  0.32765135
   0.08268574  0.07181951  0.2161695   0.21355972  0.11784965  0.33719835
   0.25316295  0.3931573   0.266848    0.34900782  0.57815754  0.64377856
   0.5311943   0.46786907  0.52740467  0.8563935   0.8603408   0.96206343
   0.8677276   0.80892384  0.85685503  0.95728815  1.0476213   0.9091465
   0.98543704  0.8155586   0.8270537   1.3193549   1.2120364   1.2305263
   1.3848737   1.1606162   1.1719445   1.2358762   1.2007531   1.2564071
   1.0114195   1.3621638   1.3072659   1.395143    1.4355179   1.7203119
   1.3315256   1.4542189   1.5797046   1.757488    1.5112739   1.5841317
   1.5645349   1.608877    1.7077066   1.7192478   1.8714364   2.078359
   1.8634942   1.9033642   1.9258156   1.9989355   2.202561    1.9852035
   1.9910253   2.2926223   1.9768922   2.3608336   2.1729455   2.2814584
   2.6096826   2.739002    2.662259    2.7110472   2.6285005   2.5180874
   3.087757    2.5587811   3.017791    2.624963    2.993997    3.4187584
   3.6615624   3.380499  ]]

net_outputs.long_v = &s->output[LONG_V_IDX = 0+385+386+386+58+200 = 1215+200 = 1415];
#---  outputs[ 5 ] =
[[ 3.9851332   3.9376059   3.843389    3.785146    3.6301885   3.5657215
   3.4696324   3.4240077   3.3021398   3.2642028   3.1935134   3.11615
   3.0096583   3.002003    2.8329573   2.8129902   2.6445527   2.666873
   2.5482035   2.5064588   2.4039042   2.3320308   2.2671056   2.2207537
   2.1090147   2.1084936   1.9693803   1.9740644   1.8871658   1.8819171
   1.8133337   1.715554    1.6228685   1.6583445   1.618046    1.5111854
   1.4708114   1.4046154   1.3425424   1.3101702   1.184793    1.202662
   1.1464704   1.0704238   1.0172112   1.0605304   1.024439    0.9261109
   0.9380683   0.80953544  0.78743505  0.78155696  0.79675347  0.74364996
   0.645059    0.61129594  0.60324156  0.57808065  0.5688304   0.5686785
   0.5726457   0.5271544   0.4677088   0.46307105  0.47147235  0.4193564
   0.3984894   0.40594527  0.43213648  0.3417632   0.34687093  0.38255668
   0.27027214  0.3081653   0.27420878  0.28996527  0.32871705  0.2877745
   0.3020539   0.37895846  0.30001128  0.21320257  0.25951037  0.2838601
   0.25744855  0.32249492  0.31988102  0.26212287  0.25763574  0.3474508
   0.35379484  0.3161964   0.33078653  0.28449136  0.27829885  0.33861446
   0.25090873  0.32172433  0.4063682   0.25350928 -0.13833869 -0.16204911
  -0.24678934 -0.24364868 -0.20447978 -0.23323965 -0.19368121 -0.15307516
  -0.23965985 -0.26415277 -0.2768339  -0.30042952 -0.300236   -0.32150623
  -0.28436872 -0.3199071  -0.3293906  -0.24073642 -0.35801074 -0.33542013
  -0.36017352 -0.348068   -0.42452586 -0.42953184 -0.3674487  -0.45631108
  -0.4103304  -0.50165683 -0.45883167 -0.448259   -0.459712   -0.4953718
  -0.4669944  -0.45183304 -0.50633955 -0.50023043 -0.3830999  -0.4956696
  -0.42919225 -0.4610408  -0.4342472  -0.41511452 -0.41467598 -0.4633742
  -0.38115817 -0.47028396 -0.38566428 -0.36192358 -0.4459412  -0.45638093
  -0.47388107 -0.46206933 -0.3961087  -0.41475236 -0.39639264 -0.38734812
  -0.38845053 -0.3675356  -0.3678501  -0.388412   -0.3603977  -0.39988554
  -0.36935827 -0.37924188 -0.34492683 -0.34871298 -0.26901707 -0.32192028
  -0.31618756 -0.36080045 -0.3693016  -0.33211252 -0.33003107 -0.4004462
  -0.26448783 -0.31510928 -0.27042067 -0.2736707  -0.30447653 -0.26461583
  -0.261744   -0.23973116 -0.23408526 -0.19553477 -0.28442413 -0.18547061
  -0.12120014 -0.1387937  -0.11827445 -0.09954605 -0.11695313 -0.05683929
  -0.11931354 -0.11586133 -0.05650854 -0.03297532  0.01586145 -0.1402748
  -0.07908279  0.04044461]]

net_outputs.long_a = &s->output[LONG_A_IDX = 0+385+386+386+58+200+200 = 1415+200 = 1615];
#---  outputs[ 6 ] =
[[-0.63202417 -0.6614775  -0.6451374  -0.64862883 -0.65921146 -0.6451969
  -0.64683515 -0.6505047  -0.65124756 -0.6375029  -0.63519406 -0.63382787
  -0.63839656 -0.6278889  -0.60769206 -0.59723556 -0.6030757  -0.5886849
  -0.58336806 -0.59635    -0.566787   -0.58112067 -0.5847321  -0.5777638
  -0.5935341  -0.5744286  -0.5830919  -0.57247967 -0.5632869  -0.57629037
  -0.58238834 -0.5823126  -0.5667166  -0.5612847  -0.5790615  -0.56429803
  -0.55460715 -0.5340327  -0.5442906  -0.5575481  -0.54285544 -0.5397565
  -0.5448333  -0.5361195  -0.53341705 -0.5244727  -0.5329099  -0.53921777
  -0.5258516  -0.50446033 -0.5176466  -0.49940875 -0.50345206 -0.47128928
  -0.46998587 -0.45505524 -0.4597949  -0.44752964 -0.4272324  -0.407074
  -0.41551328 -0.39518982 -0.3815926  -0.3763891  -0.35964996 -0.3608399
  -0.36464676 -0.35558262 -0.3375777  -0.332693   -0.307361   -0.2846272
  -0.2789382  -0.28713232 -0.27519694 -0.2609614  -0.23411396 -0.22781505
  -0.211539   -0.22942576 -0.20863168 -0.1859051  -0.18941125 -0.18797605
  -0.17370673 -0.15012097 -0.16102049 -0.14322917 -0.12194349 -0.1155732
  -0.10004465 -0.08010343 -0.07318197 -0.08502812 -0.0834465  -0.07464097
  -0.06380428 -0.03609084 -0.01361544 -0.04483739 -1.4225512  -1.430296
  -1.4588526  -1.484524   -1.483312   -1.4866004  -1.5125873  -1.5581615
  -1.5624139  -1.5596454  -1.6222231  -1.6036273  -1.635633   -1.658289
  -1.6606705  -1.7113707  -1.7211951  -1.7649026  -1.7950437  -1.7729213
  -1.8256271  -1.8665633  -1.8752878  -1.8808563  -1.9040995  -1.9507649
  -1.9643259  -1.9825759  -1.9839742  -2.0019653  -2.0198667  -2.0225582
  -2.0507245  -2.0365336  -2.014219   -2.037222   -2.0431747  -2.0380223
  -2.0421195  -2.0461903  -2.0345097  -2.0428948  -2.047286   -2.0490844
  -2.03795    -2.039091   -2.0301669  -2.0267289  -2.021533   -2.0284827
  -2.0123496  -2.023843   -2.0179522  -2.014782   -2.0284574  -2.025466
  -2.0257654  -2.0294852  -2.0252972  -2.0297518  -2.0402792  -2.0572863
  -2.047988   -2.041168   -2.0338306  -2.0443006  -2.0486977  -2.0502157
  -2.044977   -2.0671914  -2.058971   -2.0657196  -2.060697   -2.0664477
  -2.0846405  -2.075826   -2.0899587  -2.0830545  -2.0880475  -2.1055827
  -2.103679   -2.1055655  -2.1033425  -2.1091092  -2.1262155  -2.1320662
  -2.1317904  -2.1216617  -2.1339483  -2.1445847  -2.1497693  -2.1583548
  -2.159554   -2.1612709  -2.1840773  -2.1677098  -2.1880546  -2.2112937
  -2.2118363  -2.2023222 ]]

net_outputs.meta = &s->output[DESIRE_STATE_IDX = 0+385+386+386+58+200+200+200 = 1615+200 = 1815];
#---  outputs[ 7 ] =
[[1.2819355e-02 5.2442528e-02 4.0783148e-02 1.2738493e-01 5.9122294e-02
  6.2374823e-02 9.5575956e-07 6.4507198e-01]]
#---  outputs[ 8 ] =
[[0.61626893 0.05425099 0.09869784 0.5062202 ]]
#---  outputs[ 9 ] =
[[2.89586664e-04 4.06524516e-04 1.24628452e-04 1.02660786e-04
  7.96339125e-04 2.92629935e-04 2.53756407e-13 9.97987628e-01
  1.00579942e-04 2.71559664e-04 9.17478465e-04 4.41719640e-05
  1.33186311e-03 5.67938900e-04 2.12706765e-13 9.96766329e-01
  1.65052319e-04 2.25539974e-04 4.63090790e-03 1.28014508e-04
  1.93826121e-03 9.40677070e-04 1.43221676e-12 9.91971493e-01
  3.42226092e-04 4.30011016e-04 1.07290139e-02 5.00526046e-04
  3.11507587e-03 1.52419729e-03 7.97719258e-13 9.83358920e-01]]

net_outputs.pose = &s->output[POSE_IDX = 0+385+386+386+58+200+200+200+8+4+32 = 1815+8+4+32 = 1859];
#---  outputs[ 10 ] =
[[11.249204    0.23597866 -0.42580172 -0.49387112 -1.7838584  -0.3972359
   0.1992358  -2.425305   -2.2642076  -0.39709333 -0.34251472 -1.4108816 ]]

rnn state: output[0+385+386+386+58+200+200+200+8+4+32+12 = 1859+12 = 1871]
#---  outputs[ 11 ] =
[[-1.98540494e-01  1.17126787e-02 -1.09633408e-01 -4.40013528e-01
   9.49789643e-01 -6.37824368e-03 -3.44673321e-02 -3.69384855e-01
  -4.27049041e-01 -8.80002975e-04 -3.75762656e-02  8.43789801e-03
  -8.79562318e-01  4.11987305e-04 -7.71721065e-01  3.46393436e-02
   1.61230494e-03  9.51256871e-01 -3.22838962e-01  7.41757974e-02
  -6.94745839e-01  5.50361037e-01 -2.96200102e-04  8.21212120e-03
  -4.34824778e-03 -4.41332959e-05 -7.37425447e-01  4.10803467e-01
   2.36666128e-01 -5.66923618e-03  2.61809323e-02  3.03225089e-02
  -3.00712913e-01 -4.83295679e-01  4.75736678e-01 -9.96725082e-01
   6.82736859e-02  8.46396744e-01  3.61279905e-01  1.26045635e-02
   1.86290920e-01  9.21554089e-01  3.04747850e-01  5.59234954e-02
  -2.01975624e-03 -2.23755394e-03 -3.67983401e-01  2.87392408e-01
   5.35958409e-01  1.49964139e-01 -1.06309161e-01 -1.71123054e-02
   7.37322611e-04 -6.00624621e-01  4.43776786e-01  3.57124209e-01
  -7.21211982e-05 -7.01344609e-01 -4.95773798e-04 -1.46870054e-02
  -1.11903390e-02  4.77446765e-02 -1.34988315e-02  6.34745717e-01
  -2.52155550e-02 -2.75283866e-02  7.74426341e-01  4.83955117e-03
  -9.99295413e-01  4.90819931e-01 -9.39282119e-01 -1.95478976e-01
   1.03021832e-03 -4.06105742e-02  1.92314386e-01 -4.73875791e-01
   3.77963239e-04 -8.86232793e-01 -3.17269772e-01  1.91177428e-01
   1.87630609e-01 -1.38367414e-02  9.97193992e-01 -1.85726628e-01
   9.90533590e-01  5.35315089e-03  4.23101243e-04 -3.46288644e-03
  -5.59474167e-04 -8.06126595e-02  3.33182588e-02 -3.70336100e-02
  -4.22215432e-01  5.80179971e-03 -3.62720937e-01 -7.09930714e-03
  -4.67036515e-01  1.98565563e-03  1.05708018e-01 -5.07617332e-02
   2.08780140e-01 -7.70713494e-04 -2.58864276e-02 -2.60307267e-02
  -4.30476703e-02  6.38587475e-02  9.72354785e-03  4.89212349e-02
   2.76961923e-02  1.98541093e-03  3.99561226e-01 -5.10765910e-02
   8.80162477e-01 -1.99230954e-01  1.86142424e-04 -1.07487947e-01
  -7.41197765e-02  2.29982823e-01 -5.77624887e-02  9.99980807e-01
  -1.24295196e-02  8.54479194e-01 -4.44968611e-01 -1.58798993e-02
  -9.19476390e-01  3.19402218e-01 -9.08816699e-03  1.25575930e-01
   3.24966535e-02  1.14441970e-02 -8.13192502e-02 -1.91303238e-01
  -4.12992295e-03  9.96776819e-01 -7.32219517e-01  5.01505006e-03
  -6.94400370e-01 -3.15411612e-02  1.58613604e-02  2.11144075e-01
  -2.90565472e-03  2.49073301e-02 -1.01147875e-01  3.28697264e-03
  -1.64275542e-02  8.63556343e-05 -1.22538311e-02 -5.63355565e-01
  -6.55549997e-03 -3.61846536e-02  1.67465676e-02 -9.80689168e-01
  -9.99095023e-01  7.56412596e-02 -4.76882607e-03 -6.28308021e-03
  -7.56075047e-03  6.88727386e-03 -5.71951091e-01  7.51370890e-03
  -6.44953828e-03  2.04600021e-01  3.89080532e-02  9.96986270e-01
  -3.38162303e-01 -1.53889544e-02 -8.06484759e-01 -2.87281096e-01
  -1.22663919e-02  4.28643197e-01 -3.43874484e-01 -4.39514890e-02
  -4.78172600e-01  4.78104084e-05  6.34099305e-01  2.78557814e-03
  -6.60976887e-01  6.67902641e-04 -2.38739863e-01  4.18312661e-03
  -5.29083431e-01 -8.08190107e-02  5.21858454e-01 -9.25009884e-03
   5.74810922e-01  1.74421910e-02  4.98067355e-03 -9.95822668e-01
  -2.48638410e-02  3.62174548e-02  4.90365982e-01 -1.62544250e-02
  -2.78596766e-02 -4.03578393e-02  2.40432806e-02 -1.37984709e-04
  -1.88167706e-01  9.87266541e-01 -7.18464851e-01  3.55463773e-02
  -6.66696229e-04 -1.48742413e-02  1.40088517e-03  1.11700706e-01
   1.67291258e-02  2.00090721e-01  8.40315595e-04 -9.82270062e-01
  -3.01350709e-02 -3.53995711e-02  5.28340578e-01  1.89995002e-02
   3.08859348e-03 -1.65268164e-02 -6.14627481e-01  1.21795125e-01
  -7.23762631e-01  2.93300133e-02  8.37508996e-04 -1.07529551e-01
   5.00798669e-05 -1.44174278e-01  7.75580527e-03 -1.81451738e-01
   7.24177854e-03  4.23736155e-01  2.26656459e-02  6.62347116e-03
   1.73376232e-01 -2.96760176e-04 -1.02471352e-01 -1.05859436e-01
  -3.98331461e-03 -4.97710072e-02 -8.55991900e-01  8.78364384e-01
  -2.61815335e-03 -8.60631187e-03 -1.21503290e-04  1.71282947e-01
  -1.45516694e-01 -2.26986408e-03  2.09466908e-02  3.16140980e-01
  -1.87721180e-05 -5.23554385e-01 -1.14903308e-01  1.46979457e-02
   1.28755108e-01  1.13837433e-03 -8.57895613e-01 -1.92661062e-02
   6.89935684e-02 -9.35643475e-05 -6.73546419e-02  1.55197242e-02
   9.52505469e-01  9.66015533e-02 -9.98447955e-01  6.38181530e-03
  -3.86532582e-02 -1.19750230e-02  1.14018432e-04  8.57767820e-01
   3.24635208e-01  3.44191474e-04  2.88201179e-02  7.55362034e-01
   3.85489054e-02  2.24633404e-04  6.22657947e-02 -6.05309606e-02
  -7.83880148e-03  7.06610531e-02 -1.90014064e-01 -2.19003037e-01
  -6.60359859e-04  2.15480864e-01  2.28308395e-01 -9.99891818e-01
  -1.42291337e-01 -3.85267884e-01 -2.64357850e-02  9.82252415e-03
  -1.47539631e-01 -2.17112616e-01  1.26577899e-01  8.71706195e-03
   9.78624403e-01  1.36167202e-02  1.34317949e-03 -6.50601578e-05
   3.97381872e-01  2.17317507e-01 -8.72114003e-01  1.94655370e-03
  -6.26028061e-01  8.62133026e-01 -1.31841155e-03 -1.77288204e-01
   6.69995993e-02  7.80742092e-04  8.55647400e-02  7.77980149e-01
  -1.67559430e-01 -1.37145221e-02 -8.04310977e-01 -4.08897996e-02
   9.72029746e-01  9.99658346e-01 -9.52411413e-01  9.96571064e-01
  -1.96585734e-03  9.56364647e-02 -1.68343633e-01  9.93784785e-01
  -9.99987960e-01  1.71782508e-01 -4.00699303e-03  8.28049898e-01
  -2.26804882e-01  1.08190350e-01  8.94861460e-01  5.95373975e-04
   5.32165110e-01 -4.60849077e-01  8.71815234e-02 -6.12573465e-03
   7.91529298e-01 -3.72091234e-02  5.98774731e-01  1.47157937e-01
   3.47078517e-02  1.92148507e-01 -1.98788971e-01  3.29469770e-01
  -2.92596733e-03  9.60496306e-01  3.16516287e-03 -6.54424429e-02
  -3.44479224e-03 -8.45871493e-02 -8.08433950e-01  8.69730473e-01
  -4.33145642e-01 -8.24899197e-01 -7.84438103e-02 -8.60588532e-03
  -5.15745208e-02 -1.38988867e-01 -1.87728852e-01  6.08778358e-01
   7.98386186e-02  8.22329745e-02  2.79440761e-01  1.31875267e-05
  -1.24204974e-03 -9.75233853e-01 -5.62346697e-01 -8.69612675e-04
  -4.44914460e-01 -3.23723012e-04  1.25888228e-01 -3.52562994e-01
  -5.07628247e-02  6.89130872e-02  9.80942965e-01  2.52089918e-01
  -2.53744900e-01  5.74398264e-02  7.99401522e-01  2.32264828e-02
   1.38179958e-01  1.38930948e-02  1.05248116e-01  3.66502702e-01
   8.49366963e-01  2.78925393e-02  9.46282446e-02  1.70334414e-01
   5.87207854e-01 -7.92903066e-01 -1.83210567e-01 -1.07476719e-01
  -8.90179127e-02 -4.96654928e-01 -2.41772979e-01  9.64312907e-03
  -9.26900248e-05  5.29923767e-04  2.76564240e-01  2.31831856e-02
   2.36612588e-01  3.17677706e-01 -1.01310052e-05 -2.86348343e-01
  -5.31507609e-03 -5.48007548e-01  2.42741406e-02 -7.34901279e-02
   1.47749679e-02 -8.30738470e-02  3.45243956e-04 -1.52446646e-05
   6.97695762e-02 -1.14735640e-05  2.37854943e-01 -5.82906544e-01
  -1.70370135e-02 -8.09516490e-01  5.09100974e-01  6.08199183e-03
   3.75411026e-02  8.64929780e-02 -9.98938560e-01  2.30020836e-01
   4.54723835e-04  3.59562963e-01 -3.51054184e-02  8.24210495e-02
  -8.15814303e-04  7.68070202e-03  1.14638641e-01  3.25525063e-03
  -9.99994814e-01  7.91781619e-02  3.51070851e-01 -3.70215974e-03
  -1.62897453e-01 -5.22292554e-01 -6.46148026e-01  5.99619560e-02
   1.03814751e-01 -1.47536173e-02 -5.67009374e-02  7.36225784e-01
  -2.66397327e-01 -2.71905537e-05  4.98258276e-03  3.10880598e-03
   3.62850666e-01 -3.12524312e-03  9.78461429e-02  2.49953166e-01
  -1.08103221e-02 -1.22549698e-01  1.23631908e-02 -7.12244734e-02
  -2.91201204e-01  5.05444514e-05  5.74772712e-04  6.34710252e-01
  -3.16191882e-01 -3.05317760e-01 -8.52148235e-02 -8.22553635e-01
  -1.42776594e-01 -2.11932763e-01 -2.61897612e-02 -1.89430088e-01
   1.91867381e-01  5.26077580e-04 -2.57739834e-02 -2.44359095e-02
   1.24133863e-02  2.96664461e-02 -5.73069230e-03 -6.39119029e-01
   9.83025491e-01 -8.25112835e-02 -9.20009911e-02  9.21258181e-02
  -5.78764617e-01 -6.70259595e-01 -7.01005757e-02  4.76460233e-02
   6.08712770e-02 -9.92451966e-01 -4.56291616e-01  2.25734591e-01
   1.13743804e-01 -9.30490121e-02 -5.40442443e-06 -6.76198423e-01
  -2.11138260e-02  7.41158426e-02  2.14145593e-02  9.69986439e-01
   1.29971713e-01 -9.44557786e-01 -4.34861779e-02  5.97988546e-01
  -3.00817460e-01  8.80797207e-01  4.47036773e-01  6.67196491e-06
  -5.44347286e-01  9.28689539e-01  2.59551252e-05 -4.70464230e-01
  -2.29777798e-01 -4.74150449e-01 -6.08755788e-03  3.82426471e-01
   4.11595464e-01 -9.79975045e-01 -4.95931268e-01 -7.15137362e-01
  -2.76412308e-01  2.49009635e-02 -1.51991509e-02 -9.99470592e-01]]
output[0+385+386+386+58+200+200+200+8+4+32+12+512 = 1871+512 = 2383]
